##--##
timestamp=1516871135381;
power=2193.3333333333335 mW
timestamp=1516871136389;
power=4149.171974522293 mW
